

		PRINCIPLE COMPONENT ANALYSIS

           PC1       PC2       PC3       PC4  Whole_Weight
0     0.188669 -0.775079 -0.090166  0.006430        0.5140
1    -0.062216 -0.991828 -0.212785  0.037707        0.2255
2    -0.103128  0.113378 -0.496927 -0.040300        0.6770
3     0.189233 -0.774655 -0.090391 -0.001539        0.5160
4    -1.074963 -0.058865  0.111502  0.033401        0.2050
5    -0.939609  0.057915  0.176221 -0.017677        0.3515
6    -0.028708  0.177821 -0.462089 -0.121739        0.7775
7    -0.027662  0.178786 -0.459379 -0.049018        0.7680
8     0.192475 -0.771982 -0.089576 -0.019096        0.5095
9     0.066604  0.260359 -0.413451 -0.080450        0.8945
10   -0.165827  0.059123 -0.529008 -0.068634        0.6065
11    0.099769 -0.852086 -0.134925 -0.010709        0.4060
12    0.217280 -0.750588 -0.077959 -0.042033        0.5415
13   -0.092056  0.122989 -0.491103 -0.025235        0.6845
14   -0.275904 -0.035840 -0.581532 -0.037757        0.4755
15    0.317770 -0.663587 -0.028452 -0.053512        0.6645
16   -1.006211  0.000516  0.144042 -0.014237        0.2905
17   -0.299141 -0.055781 -0.591053  0.021269        0.4510
18   -0.035709 -0.969015 -0.200764  0.006153        0.2555
19    0.080490 -0.868679 -0.143753  0.006646        0.3810
20   -0.046125 -0.978003 -0.205538  0.024564        0.2455
21   -1.049004 -0.036708  0.122166 -0.015331        0.2255
22    0.125336  0.311300 -0.381455  0.017989        0.9395
23   -0.025988  0.180212 -0.457703 -0.000432        0.7635
24    0.309072  0.470203 -0.290923  0.020880        1.1615
25    0.107166  0.295571 -0.391595 -0.025469        0.9285
26    0.164622  0.345057 -0.364394 -0.027513        0.9955
27    0.540071 -0.471409  0.080572 -0.061068        0.9310
28    0.561046 -0.453464  0.090686 -0.061565        0.9365
29    0.491185 -0.513568  0.059050  0.021003        0.8635
...        ...       ...       ...       ...           ...
4147  1.146794  0.053879  0.384207  0.011224        1.6645
4148  1.419078  0.289391  0.518754  0.056310        2.0505
4149 -1.148586 -0.122315  0.076487  0.061174        0.1240
4150 -1.127097 -0.103981  0.085349  0.024902        0.1400
4151 -1.098523 -0.079317  0.099658  0.033395        0.1695
4152 -1.052728 -0.039874  0.121287  0.014213        0.2180
4153 -0.906921  0.086182  0.193331  0.011162        0.3840
4154 -0.895064  0.096472  0.200134  0.040039        0.3930
4155 -0.908753  0.084345  0.190523 -0.026622        0.3805
4156  0.176616 -0.785674 -0.096937 -0.004929        0.4895
4157  0.198097 -0.767059 -0.085879  0.004483        0.5135
4158 -0.846107  0.138551  0.221712 -0.026635        0.4495
4159  0.013192  0.214116 -0.438321 -0.021203        0.8025
4160  0.213518  0.387516 -0.338403  0.000818        1.0530
4161  0.171496  0.351072 -0.360051 -0.006576        0.9945
4162  0.012702 -0.926955 -0.175549  0.039023        0.3175
4163 -0.945461  0.053012  0.175536  0.042508        0.3440
4164 -0.997568  0.007823  0.148396  0.008706        0.2845
4165 -0.977801  0.024952  0.158626  0.015518        0.3035
4166 -0.805267  0.173950  0.242480 -0.017086        0.4990
4167  0.251030 -0.721294 -0.059686  0.010041        0.5770
4168 -0.144938  0.077376 -0.515487  0.013343        0.6150
4169  0.422968 -0.572370  0.026838  0.048380        0.7910
4170  0.455780 -0.544251  0.039573 -0.045882        0.8395
4171  0.492114 -0.512710  0.059853  0.012335        0.8675
4172  0.080416  0.272179 -0.405622 -0.013932        0.8870
4173  0.576145 -0.439957  0.101352  0.008743        0.9660
4174  0.749678 -0.289899  0.186953  0.013450        1.1760
4175  0.268464  0.435060 -0.310199  0.038109        1.0945
4176  1.386227  0.261638  0.507952  0.121621        1.9485

[4177 rows x 5 columns]
PCA Explained Variance: [0.62842471 0.25549892 0.10498043 0.00481947]
PCA Components: [[-0.55906278  0.43087666  0.13863804  0.11535682  0.04338269  0.59652434
   0.26131995  0.12989295  0.16242776]
 [ 0.18406432 -0.76852821  0.1168722   0.09528361  0.03476243  0.51711915
   0.22791182  0.11141587  0.14060122]
 [ 0.80765304  0.47269901  0.05124787  0.03750047  0.01033887  0.29599474
   0.15744307  0.05522475  0.0682767 ]
 [-0.0326186  -0.01560881 -0.33416071 -0.30299625 -0.12789473 -0.03685495
   0.70474782 -0.00608357 -0.52990606]]
Prediction After PCA: [10.741638    8.70906706 11.48245743 ...  9.87585702 11.0111466
  8.89675218]
R^2 After PCA: 0.36456493176224003